N 50

FIELDS
1 0.42
2 -0.31
3 0.18
4 -0.52
5 0.07
6 0.36
7 -0.44
8 0.25
9 -0.12
10 0.58
11 -0.27
12 0.03
13 0.49
14 -0.55
15 0.21
16 -0.08
17 0.33
18 -0.39
19 0.14
20 -0.46
21 0.51
22 -0.19
23 0.29
24 -0.34
25 0.11
26 -0.57
27 0.38
28 -0.05
29 0.24
30 -0.41
31 0.56
32 -0.22
33 0.16
34 -0.48
35 0.09
36 0.45
37 -0.36
38 0.28
39 -0.14
40 0.53
41 -0.25
42 0.04
43 0.47
44 -0.51
45 0.2
46 -0.1
47 0.35
48 -0.43
49 0.13
50 -0.5

COUPLINGS
1 2 0.73
2 3 -0.64
3 4 0.41
4 5 -0.92
5 6 0.58
6 7 -0.35
7 8 0.81
8 9 -0.76
9 10 0.22
10 11 -0.68
11 12 0.54
12 13 -0.47
13 14 0.89
14 15 -0.31
15 16 0.66
16 17 -0.84
17 18 0.27
18 19 -0.59
19 20 0.95
20 21 -0.38
21 22 0.62
22 23 -0.71
23 24 0.44
24 25 -0.86
25 26 0.33
26 27 -0.52
27 28 0.78
28 29 -0.67
29 30 0.19
30 31 -0.94
31 32 0.57
32 33 -0.42
33 34 0.83
34 35 -0.29
35 36 0.7
36 37 -0.88
37 38 0.24
38 39 -0.63
39 40 0.91
40 41 -0.37
41 42 0.6
42 43 -0.74
43 44 0.46
44 45 -0.82
45 46 0.3
46 47 -0.56
47 48 0.79
48 49 -0.69
49 50 0.21
1 50 -0.77
1 11 -0.34
2 17 0.49
3 23 -0.72
4 29 0.55
5 35 -0.26
6 41 0.88
7 47 -0.61
8 14 0.37
9 20 -0.93
10 26 0.64
11 32 -0.45
12 38 0.75
13 44 -0.58
14 50 0.28
15 21 -0.81
16 27 0.52
17 33 -0.39
18 39 0.96
19 45 -0.53
20 31 0.43
22 36 -0.66
24 42 0.71
25 49 -0.32
28 46 0.84
